"0","#| label: Loading library "
"0","library(tidyverse)"
"0","library(dplyr)"
"0","library(ggplot2)"
"0","library(ds4ling)"
